1 2 11
2 1 3 12
3 2 5 13
4 5
5 3 4 6 14
6 5 7 15
7 6 8 16
8 7 9 17
9 8 10
10 9
11 1 12 19
12 2 11 13
13 3 12 22
14 5 15 23
15 6 14 24
16 7 24
17 8 18
18 17 27 28
19 11 20 29
20 19 21 29
21 20 22 30
22 13 21 31 80
23 14 25 32
24 15 16 25 26
25 23 24 26 33
26 24 25 27 35
27 26 18 28
28 18 27 37
29 19 20 41
30 21 31 42
31 30 43
32 23 47 80 81
33 25 34 48 81
34 33 35 48 51
35 26 34 36
36 35 38 54
37 28 38 39
38 36 37 57
39 37 40
40 39
41 29 42 64
42 30 41
43 31 44
44 43 45
45 44 46 63
46 45 47 58
47 32 46 48 81
48 33 34 47 49 81
49 48 50 60
50 49 51 82
51 34 50 52 83
52 51 53 56
53 52 54
54 36 53 55
55 54 56 57
56 52 55 73
57 38 55 76
58 46 59 60
59 61 63 68
60 49 58 61
61 59 60 62
62 61 70 82
63 45 59 64
64 41 63 65
65 64 66
66 65 67
67 66 68
68 59 67 69
69 68 70 77
70 62 69 71 78
71 70 72 79 83
72 71 73
73 56 72 74
74 73 75
75 74 76
76 57 75
77 69 78
78 70 77 79
79 71 78
80 22 32
81 32 33 47 48
82 50 62 83
83 51 71 82